<?xml version="1.0" encoding="utf-8"?>
<opencv_storage>
<H0 type_id="opencv-matrix">
<rows>4</rows>
<cols>4</cols>
<dt>d</dt>
<data>
  465 390 195 510 870 390 1230 510 200 200 140 250 450 200 500 250</data></H0>
</opencv_storage>